structure(list(T = c(14.66, 14.66, 14.66, 14.66, 14.66, 14.66, 
14.66, 14.66, 14.66, 14.66, 14.66, 14.66, 14.66, 14.66, 14.66, 
14.66, 14.66, 14.66, 14.66, 14.66, 14.66, 14.66, 14.66, 14.66, 
14.66, 14.66, 14.66, 14.66, 14.66, 14.66, 14.66, 14.66, 14.66, 
14.66, 14.66, 14.66, 14.66, 14.66, 14.66, 14.66, 14.66, 14.66, 
14.66, 18.61, 18.61, 18.61, 18.61, 18.61, 18.61, 18.61, 18.61, 
18.61, 18.61, 18.61, 18.61, 18.61, 18.61, 18.61, 18.61, 18.61, 
20.75, 20.75, 20.75, 20.75, 20.75, 20.75, 20.75, 20.75, 20.75, 
20.75, 20.75, 20.75, 20.75, 20.75, 20.75, 20.75, 20.75, 20.75, 
20.75, 20.75, 20.75, 20.75, 20.75, 22.24, 22.24, 22.24, 22.24, 
22.24, 22.24, 22.24, 22.24, 22.24, 22.24, 22.24, 22.24, 22.24, 
22.24, 22.24, 22.24, 22.24, 22.24, 22.24, 22.24, 22.24, 22.24, 
22.24, 22.24, 22.24, 22.24, 24.73, 24.73, 24.73, 24.73, 24.73, 
24.73, 24.73, 24.73, 24.73, 24.73, 24.73, 24.73, 24.73, 24.73, 
24.73, 24.73, 24.73, 24.73, 24.73, 24.73, 24.73, 24.73, 27.34, 
27.34, 27.34, 27.34, 27.34, 27.34, 27.34, 27.34, 27.34, 27.34, 
27.34, 27.34, 27.34, 27.34, 27.34, 27.34, 27.34, 27.34, 27.34, 
27.34), Dev = c(0.0212765957446809, 0.0212765957446809, 0.0212765957446809, 
0.0212765957446809, 0.0212765957446809, 0.0212765957446809, 0.0212765957446809, 
0.0212765957446809, 0.0208333333333333, 0.0208333333333333, 0.0196078431372549, 
0.0196078431372549, 0.0188679245283019, 0.0181818181818182, 0.0212765957446809, 
0.0212765957446809, 0.0212765957446809, 0.0208333333333333, 0.0208333333333333, 
0.0208333333333333, 0.0208333333333333, 0.0208333333333333, 0.0208333333333333, 
0.0208333333333333, 0.0208333333333333, 0.0208333333333333, 0.0208333333333333, 
0.0208333333333333, 0.0208333333333333, 0.0204081632653061, 0.0204081632653061, 
0.0204081632653061, 0.0204081632653061, 0.0204081632653061, 0.0204081632653061, 
0.0204081632653061, 0.02, 0.0196078431372549, 0.0196078431372549, 
0.0185185185185185, 0.0178571428571429, 0.0172413793103448, 0.0172413793103448, 
0.032258064516129, 0.032258064516129, 0.03125, 0.03125, 0.0277777777777778, 
0.03125, 0.03125, 0.03125, 0.03125, 0.0294117647058824, 0.032258064516129, 
0.03125, 0.03125, 0.03125, 0.03125, 0.03125, 0.0303030303030303, 
0.04, 0.04, 0.04, 0.04, 0.04, 0.0384615384615385, 0.037037037037037, 
0.037037037037037, 0.0357142857142857, 0.0333333333333333, 0.0416666666666667, 
0.04, 0.04, 0.04, 0.04, 0.04, 0.0384615384615385, 0.0384615384615385, 
0.0384615384615385, 0.0384615384615385, 0.0384615384615385, 0.0384615384615385, 
0.0384615384615385, 0.0454545454545455, 0.0454545454545455, 0.0454545454545455, 
0.0434782608695652, 0.0434782608695652, 0.0434782608695652, 0.0434782608695652, 
0.0434782608695652, 0.0434782608695652, 0.0434782608695652, 0.0434782608695652, 
0.0434782608695652, 0.0434782608695652, 0.0434782608695652, 0.0434782608695652, 
0.0416666666666667, 0.0416666666666667, 0.0416666666666667, 0.0416666666666667, 
0.0416666666666667, 0.0416666666666667, 0.0416666666666667, 0.04, 
0.04, 0.04, 0.037037037037037, 0.05, 0.05, 0.0476190476190476, 
0.0476190476190476, 0.0476190476190476, 0.0476190476190476, 0.0476190476190476, 
0.0476190476190476, 0.0476190476190476, 0.0476190476190476, 0.0454545454545455, 
0.0454545454545455, 0.0454545454545455, 0.0454545454545455, 0.0454545454545455, 
0.0454545454545455, 0.0454545454545455, 0.0454545454545455, 0.0416666666666667, 
0.0416666666666667, 0.0416666666666667, 0.0384615384615385, 0.0476190476190476, 
0.0476190476190476, 0.0476190476190476, 0.0454545454545455, 0.0416666666666667, 
0.0416666666666667, 0.0384615384615385, 0.037037037037037, 0.037037037037037, 
0.037037037037037, 0.037037037037037, 0.037037037037037, 0.0357142857142857, 
0.0476190476190476, 0.0476190476190476, 0.0454545454545455, 0.0454545454545455, 
0.0454545454545455, 0.0454545454545455, 0.0454545454545455)), .Names = c("T", 
"Dev"), class = "data.frame", row.names = c(40L, 41L, 42L, 43L, 
44L, 45L, 46L, 47L, 48L, 49L, 50L, 51L, 52L, 53L, 54L, 55L, 56L, 
57L, 58L, 59L, 60L, 61L, 62L, 63L, 64L, 65L, 66L, 67L, 68L, 69L, 
70L, 71L, 72L, 73L, 74L, 75L, 76L, 77L, 78L, 79L, 80L, 81L, 82L, 
112L, 113L, 114L, 115L, 116L, 117L, 118L, 119L, 120L, 121L, 122L, 
123L, 124L, 125L, 126L, 127L, 128L, 160L, 161L, 162L, 163L, 164L, 
165L, 166L, 167L, 168L, 169L, 170L, 171L, 172L, 173L, 174L, 175L, 
176L, 177L, 178L, 179L, 180L, 181L, 182L, 204L, 205L, 206L, 207L, 
208L, 209L, 210L, 211L, 212L, 213L, 214L, 215L, 216L, 217L, 218L, 
219L, 220L, 221L, 222L, 223L, 224L, 225L, 226L, 227L, 228L, 229L, 
254L, 255L, 256L, 257L, 258L, 259L, 260L, 261L, 262L, 263L, 264L, 
265L, 266L, 267L, 268L, 269L, 270L, 271L, 272L, 273L, 274L, 275L, 
291L, 292L, 293L, 294L, 295L, 296L, 297L, 298L, 299L, 300L, 301L, 
302L, 303L, 304L, 305L, 306L, 307L, 308L, 309L, 310L))
