structure(list(TempNom = structure(c(1L, 1L, 1L, 1L, 1L, 1L, 
1L, 1L, 1L, 1L, 1L, 1L, 1L, 1L, 1L, 1L, 1L, 1L, 1L, 1L, 1L, 1L, 
1L, 1L, 1L, 1L, 1L, 1L, 1L, 1L, 1L, 1L, 1L, 1L, 1L, 1L, 1L, 1L, 
1L, 1L, 1L, 1L, 1L, 1L, 1L, 1L, 1L, 1L, 1L, 1L, 1L, 1L, 1L, 1L, 
1L, 1L, 1L, 1L, 1L, 1L, 2L, 2L, 2L, 2L, 2L, 2L, 2L, 2L, 2L, 2L, 
2L, 2L, 2L, 2L, 2L, 2L, 2L, 2L, 2L, 2L, 2L, 2L, 2L, 2L, 2L, 2L, 
2L, 2L, 2L, 2L, 2L, 2L, 2L, 2L, 2L, 2L, 2L, 2L, 2L, 2L, 2L, 2L, 
2L, 3L, 3L, 3L, 3L, 3L, 3L, 3L, 3L, 3L, 3L, 3L, 3L, 3L, 3L, 3L, 
3L, 3L, 4L, 4L, 4L, 4L, 4L, 4L, 4L, 4L, 4L, 4L, 4L, 4L, 4L, 4L, 
4L, 4L, 4L, 4L, 4L, 4L, 4L, 4L, 4L, 5L, 5L, 5L, 5L, 5L, 5L, 5L, 
5L, 5L, 5L, 5L, 5L, 5L, 5L, 5L, 5L, 5L, 5L, 5L, 5L, 5L, 5L, 5L, 
5L, 5L, 5L, 6L, 6L, 6L, 6L, 6L, 6L, 6L, 6L, 6L, 6L, 6L, 6L, 6L, 
6L, 6L, 6L, 6L, 6L, 6L, 6L, 6L, 6L, 7L, 7L, 7L, 7L, 7L, 7L, 7L, 
7L, 7L, 7L, 7L, 7L, 7L, 7L, 7L, 7L, 7L, 7L, 7L, 7L, 8L, 8L, 8L, 
8L), .Label = c("11", "15", "18", "21", "22", "24", "27", "30"
), class = "factor"), TempRecord = c(10.44, 10.44, 10.44, 10.44, 
10.44, 10.44, 10.44, 10.44, 10.44, 10.44, 10.44, 10.44, 10.44, 
10.44, 10.44, 10.44, 10.44, 10.44, 10.44, 10.44, 10.44, 10.44, 
10.44, 10.44, 10.44, 10.44, 10.44, 10.44, 10.44, 10.44, 10.44, 
10.44, 10.44, 10.44, 10.44, 10.44, 10.44, 10.44, 10.44, 10.44, 
10.44, 10.44, 10.44, 10.44, 10.44, 10.44, 10.44, 10.44, 10.44, 
10.44, 10.44, 10.44, 10.44, 10.44, 10.44, 10.44, 10.44, 10.44, 
10.44, 10.44, 14.66, 14.66, 14.66, 14.66, 14.66, 14.66, 14.66, 
14.66, 14.66, 14.66, 14.66, 14.66, 14.66, 14.66, 14.66, 14.66, 
14.66, 14.66, 14.66, 14.66, 14.66, 14.66, 14.66, 14.66, 14.66, 
14.66, 14.66, 14.66, 14.66, 14.66, 14.66, 14.66, 14.66, 14.66, 
14.66, 14.66, 14.66, 14.66, 14.66, 14.66, 14.66, 14.66, 14.66, 
18.61, 18.61, 18.61, 18.61, 18.61, 18.61, 18.61, 18.61, 18.61, 
18.61, 18.61, 18.61, 18.61, 18.61, 18.61, 18.61, 18.61, 20.75, 
20.75, 20.75, 20.75, 20.75, 20.75, 20.75, 20.75, 20.75, 20.75, 
20.75, 20.75, 20.75, 20.75, 20.75, 20.75, 20.75, 20.75, 20.75, 
20.75, 20.75, 20.75, 20.75, 22.24, 22.24, 22.24, 22.24, 22.24, 
22.24, 22.24, 22.24, 22.24, 22.24, 22.24, 22.24, 22.24, 22.24, 
22.24, 22.24, 22.24, 22.24, 22.24, 22.24, 22.24, 22.24, 22.24, 
22.24, 22.24, 22.24, 24.73, 24.73, 24.73, 24.73, 24.73, 24.73, 
24.73, 24.73, 24.73, 24.73, 24.73, 24.73, 24.73, 24.73, 24.73, 
24.73, 24.73, 24.73, 24.73, 24.73, 24.73, 24.73, 27.34, 27.34, 
27.34, 27.34, 27.34, 27.34, 27.34, 27.34, 27.34, 27.34, 27.34, 
27.34, 27.34, 27.34, 27.34, 27.34, 27.34, 27.34, 27.34, 27.34, 
30.37, 30.37, 30.37, 30.37), Sex = structure(c(1L, 1L, 1L, 1L, 
1L, 1L, 1L, 1L, 1L, 1L, 1L, 1L, 1L, 1L, 1L, 1L, 1L, 1L, 1L, 1L, 
1L, 1L, 1L, 1L, 1L, 1L, 1L, 1L, 1L, 1L, 1L, 1L, 1L, 1L, 1L, 1L, 
1L, 1L, 1L, 1L, 1L, 1L, 1L, 1L, 1L, 1L, 1L, 1L, 1L, 1L, 1L, 1L, 
1L, 1L, 1L, 1L, 1L, 1L, 1L, 1L, 1L, 1L, 1L, 1L, 1L, 1L, 1L, 1L, 
1L, 1L, 1L, 1L, 1L, 1L, 1L, 1L, 1L, 1L, 1L, 1L, 1L, 1L, 1L, 1L, 
1L, 1L, 1L, 1L, 1L, 1L, 1L, 1L, 1L, 1L, 1L, 1L, 1L, 1L, 1L, 1L, 
1L, 1L, 1L, 1L, 1L, 1L, 1L, 1L, 1L, 1L, 1L, 1L, 1L, 1L, 1L, 1L, 
1L, 1L, 1L, 1L, 1L, 1L, 1L, 1L, 1L, 1L, 1L, 1L, 1L, 1L, 1L, 1L, 
1L, 1L, 1L, 1L, 1L, 1L, 1L, 1L, 1L, 1L, 1L, 1L, 1L, 1L, 1L, 1L, 
1L, 1L, 1L, 1L, 1L, 1L, 1L, 1L, 1L, 1L, 1L, 1L, 1L, 1L, 1L, 1L, 
1L, 1L, 1L, 1L, 1L, 1L, 1L, 1L, 1L, 1L, 1L, 1L, 1L, 1L, 1L, 1L, 
1L, 1L, 1L, 1L, 1L, 1L, 1L, 1L, 1L, 1L, 1L, 1L, 1L, 1L, 1L, 1L, 
1L, 1L, 1L, 1L, 1L, 1L, 1L, 1L, 1L, 1L, 1L, 1L, 1L, 1L, 1L, 1L, 
1L, 1L, 1L), .Label = c("F", "M"), class = "factor"), Days = c(82L, 
82L, 83L, 83L, 83L, 83L, 83L, 84L, 84L, 85L, 85L, 86L, 86L, 86L, 
86L, 86L, 86L, 86L, 86L, 86L, 87L, 87L, 87L, 87L, 87L, 87L, 87L, 
88L, 88L, 88L, 88L, 88L, 88L, 88L, 88L, 89L, 89L, 89L, 89L, 90L, 
90L, 90L, 90L, 90L, 91L, 91L, 91L, 91L, 93L, 93L, 93L, 93L, 94L, 
96L, 96L, 97L, 101L, 102L, 108L, 112L, 47L, 47L, 47L, 47L, 47L, 
47L, 47L, 47L, 48L, 48L, 51L, 51L, 53L, 55L, 47L, 47L, 47L, 48L, 
48L, 48L, 48L, 48L, 48L, 48L, 48L, 48L, 48L, 48L, 48L, 49L, 49L, 
49L, 49L, 49L, 49L, 49L, 50L, 51L, 51L, 54L, 56L, 58L, 58L, 31L, 
31L, 32L, 32L, 36L, 32L, 32L, 32L, 32L, 34L, 31L, 32L, 32L, 32L, 
32L, 32L, 33L, 25L, 25L, 25L, 25L, 25L, 26L, 27L, 27L, 28L, 30L, 
24L, 25L, 25L, 25L, 25L, 25L, 26L, 26L, 26L, 26L, 26L, 26L, 26L, 
22L, 22L, 22L, 23L, 23L, 23L, 23L, 23L, 23L, 23L, 23L, 23L, 23L, 
23L, 23L, 24L, 24L, 24L, 24L, 24L, 24L, 24L, 25L, 25L, 25L, 27L, 
20L, 20L, 21L, 21L, 21L, 21L, 21L, 21L, 21L, 21L, 22L, 22L, 22L, 
22L, 22L, 22L, 22L, 22L, 24L, 24L, 24L, 26L, 21L, 21L, 21L, 22L, 
24L, 24L, 26L, 27L, 27L, 27L, 27L, 27L, 28L, 21L, 21L, 22L, 22L, 
22L, 22L, 22L, 25L, 28L, 28L, 32L), Length = c(1.25, 1.5, 1.4, 
1.15, 1.45, 1.35, 1.35, 1.3, 1.15, 1.3, 1.35, 1.25, 1.45, 1.5, 
1.4, 1.35, 1.45, 1.35, 1.3, 1.45, 1.2, 1.35, 1.25, 1.4, 1.35, 
1.4, 1.3, 1.3, 1.6, 1.25, 1.25, 1.3, 1.35, 1.25, 1.25, 1.05, 
1.5, 1.35, 1.1, 1.55, 1.6, 1.5, 1.25, 1.45, 1.3, 1.6, 1.4, 1.5, 
1.5, 1.5, 1.5, 1.5, 1.4, 1.65, 1.2, 1.45, 1.4, 1.5, 1.75, 1.35, 
1.25, 1.3, 1.25, 1.35, 1.35, 1.45, 1.35, 1.35, 1.3, 1.35, 1.55, 
1.7, 1.55, 1.5, 1.35, 1.4, 1.55, 1.45, 1.5, 1.5, 1.45, 1.5, 1.4, 
1.35, 1.5, 1.45, 1.45, 1.3, 1.25, 1.45, 1.5, 1.55, 1.45, 1.45, 
1.25, 1.15, 1.45, 1.5, 1.25, 1.35, 1.2, 1.35, 1.55, 1.55, 1.5, 
1.6, 1.5, 1.75, 1.3, 1.25, 1.25, 1.35, 1.25, 1.25, 1.2, 1.1, 
1.1, 1.2, 1.2, 1.25, 1.6, 1.7, 1.5, 1.35, 1.25, 1.5, 1.5, 1.5, 
1.25, 1.55, 1.1, 1.2, 1.25, 1.1, 1.1, 1.05, 1.25, 1.15, 1.2, 
1, 1, 1, 1.15, 1.3, 1.35, 1.4, 1.5, 1.4, 1.4, 1.55, 1.25, 1.4, 
1.4, 1.5, 1.45, 1.3, 1.4, 1.3, 1.45, 1.25, 1.35, 1.2, 1.25, 1.35, 
1.3, 1.65, 1.25, 1.15, 0.8, 1.55, 1.55, 1.25, 1.25, 1.2, 1.5, 
1.6, 1.55, 1.6, 1.2, 1.5, 1.5, 1.05, 1.15, 1.05, 1.1, 1.3, 1.3, 
1.1, 1.2, 0.9, 1.05, 1.25, 1.35, 1.25, 1.3, 1.5, 1.45, 1.15, 
1.1, 1.4, 1.4, 1.2, 1.2, 1.15, 1.15, 1.25, 1.3, 1.1, 1.25, 1.05, 
1.2, 1.25, 1.15, 1.25, 1.35), T = c(10.44, 10.44, 10.44, 10.44, 
10.44, 10.44, 10.44, 10.44, 10.44, 10.44, 10.44, 10.44, 10.44, 
10.44, 10.44, 10.44, 10.44, 10.44, 10.44, 10.44, 10.44, 10.44, 
10.44, 10.44, 10.44, 10.44, 10.44, 10.44, 10.44, 10.44, 10.44, 
10.44, 10.44, 10.44, 10.44, 10.44, 10.44, 10.44, 10.44, 10.44, 
10.44, 10.44, 10.44, 10.44, 10.44, 10.44, 10.44, 10.44, 10.44, 
10.44, 10.44, 10.44, 10.44, 10.44, 10.44, 10.44, 10.44, 10.44, 
10.44, 10.44, 14.66, 14.66, 14.66, 14.66, 14.66, 14.66, 14.66, 
14.66, 14.66, 14.66, 14.66, 14.66, 14.66, 14.66, 14.66, 14.66, 
14.66, 14.66, 14.66, 14.66, 14.66, 14.66, 14.66, 14.66, 14.66, 
14.66, 14.66, 14.66, 14.66, 14.66, 14.66, 14.66, 14.66, 14.66, 
14.66, 14.66, 14.66, 14.66, 14.66, 14.66, 14.66, 14.66, 14.66, 
18.61, 18.61, 18.61, 18.61, 18.61, 18.61, 18.61, 18.61, 18.61, 
18.61, 18.61, 18.61, 18.61, 18.61, 18.61, 18.61, 18.61, 20.75, 
20.75, 20.75, 20.75, 20.75, 20.75, 20.75, 20.75, 20.75, 20.75, 
20.75, 20.75, 20.75, 20.75, 20.75, 20.75, 20.75, 20.75, 20.75, 
20.75, 20.75, 20.75, 20.75, 22.24, 22.24, 22.24, 22.24, 22.24, 
22.24, 22.24, 22.24, 22.24, 22.24, 22.24, 22.24, 22.24, 22.24, 
22.24, 22.24, 22.24, 22.24, 22.24, 22.24, 22.24, 22.24, 22.24, 
22.24, 22.24, 22.24, 24.73, 24.73, 24.73, 24.73, 24.73, 24.73, 
24.73, 24.73, 24.73, 24.73, 24.73, 24.73, 24.73, 24.73, 24.73, 
24.73, 24.73, 24.73, 24.73, 24.73, 24.73, 24.73, 27.34, 27.34, 
27.34, 27.34, 27.34, 27.34, 27.34, 27.34, 27.34, 27.34, 27.34, 
27.34, 27.34, 27.34, 27.34, 27.34, 27.34, 27.34, 27.34, 27.34, 
30.37, 30.37, 30.37, 30.37),