structure(list(TempNom = structure(c(1L, 1L, 1L, 1L, 1L, 1L, 
1L, 1L, 1L, 1L, 1L, 1L, 1L, 1L, 1L, 1L, 1L, 1L, 1L, 1L, 1L, 1L, 
1L, 1L, 1L, 1L, 1L, 1L, 1L, 1L, 1L, 1L, 1L, 1L, 1L, 1L, 1L, 1L, 
1L, 1L, 1L, 1L, 1L, 1L, 1L, 1L, 1L, 1L, 1L, 1L, 1L, 1L, 1L, 1L, 
1L, 1L, 1L, 1L, 1L, 2L, 2L, 2L, 2L, 2L, 2L, 2L, 2L, 2L, 2L, 2L, 
2L, 2L, 2L, 2L, 2L, 2L, 2L, 2L, 2L, 2L, 2L, 2L, 2L, 2L, 2L, 2L, 
2L, 2L, 2L, 2L, 2L, 2L, 2L, 2L, 2L, 2L, 2L, 2L, 3L, 3L, 3L, 3L, 
3L, 3L, 3L, 3L, 3L, 3L, 3L, 3L, 3L, 3L, 3L, 3L, 3L, 3L, 3L, 3L, 
3L, 3L, 3L, 3L, 3L, 3L, 3L, 3L, 3L, 4L, 4L, 4L, 4L, 4L, 4L, 4L, 
4L, 4L, 4L, 4L, 4L, 4L, 4L, 4L, 4L, 4L, 4L, 4L, 4L, 4L, 4L, 4L, 
4L, 4L, 4L, 4L, 4L, 4L, 4L, 4L, 5L, 5L, 5L, 5L, 5L, 5L, 5L, 5L, 
5L, 5L, 5L, 5L, 5L, 5L, 5L, 5L, 5L, 5L, 5L, 5L, 5L, 6L, 6L, 6L, 
6L, 6L, 6L, 6L, 6L, 6L, 6L, 6L, 6L, 6L, 6L, 6L, 6L, 6L, 6L, 6L, 
6L, 6L, 6L, 6L, 6L, 7L, 7L, 7L, 7L, 7L, 7L, 7L, 7L, 7L, 7L, 7L, 
7L, 7L, 7L, 7L, 8L, 8L, 8L, 8L), .Label = c("11", "15", "18", 
"21", "22", "24", "27", "30"), class = "factor"), TempRecord = c(10.44, 
10.44, 10.44, 10.44, 10.44, 10.44, 10.44, 10.44, 10.44, 10.44, 
10.44, 10.44, 10.44, 10.44, 10.44, 10.44, 10.44, 10.44, 10.44, 
10.44, 10.44, 10.44, 10.44, 10.44, 10.44, 10.44, 10.44, 10.44, 
10.44, 10.44, 10.44, 10.44, 10.44, 10.44, 10.44, 10.44, 10.44, 
10.44, 10.44, 10.44, 10.44, 10.44, 10.44, 10.44, 10.44, 10.44, 
10.44, 10.44, 10.44, 10.44, 10.44, 10.44, 10.44, 10.44, 10.44, 
10.44, 10.44, 10.44, 10.44, 14.66, 14.66, 14.66, 14.66, 14.66, 
14.66, 14.66, 14.66, 14.66, 14.66, 14.66, 14.66, 14.66, 14.66, 
14.66, 14.66, 14.66, 14.66, 14.66, 14.66, 14.66, 14.66, 14.66, 
14.66, 14.66, 14.66, 14.66, 14.66, 14.66, 14.66, 14.66, 14.66, 
14.66, 14.66, 14.66, 14.66, 14.66, 14.66, 14.66, 18.61, 18.61, 
18.61, 18.61, 18.61, 18.61, 18.61, 18.61, 18.61, 18.61, 18.61, 
18.61, 18.61, 18.61, 18.61, 18.61, 18.61, 18.61, 18.61, 18.61, 
18.61, 18.61, 18.61, 18.61, 18.61, 18.61, 18.61, 18.61, 18.61, 
20.75, 20.75, 20.75, 20.75, 20.75, 20.75, 20.75, 20.75, 20.75, 
20.75, 20.75, 20.75, 20.75, 20.75, 20.75, 20.75, 20.75, 20.75, 
20.75, 20.75, 20.75, 20.75, 20.75, 20.75, 20.75, 20.75, 20.75, 
20.75, 20.75, 20.75, 20.75, 22.24, 22.24, 22.24, 22.24, 22.24, 
22.24, 22.24, 22.24, 22.24, 22.24, 22.24, 22.24, 22.24, 22.24, 
22.24, 22.24, 22.24, 22.24, 22.24, 22.24, 22.24, 24.73, 24.73, 
24.73, 24.73, 24.73, 24.73, 24.73, 24.73, 24.73, 24.73, 24.73, 
24.73, 24.73, 24.73, 24.73, 24.73, 24.73, 24.73, 24.73, 24.73, 
24.73, 24.73, 24.73, 24.73, 27.34, 27.34, 27.34, 27.34, 27.34, 
27.34, 27.34, 27.34, 27.34, 27.34, 27.34, 27.34, 27.34, 27.34, 
27.34, 30.37, 30.37, 30.37, 30.37), Sex = structure(c(2L, 2L, 
2L, 2L, 2L, 2L, 2L, 2L, 2L, 2L, 2L, 2L, 2L, 2L, 2L, 2L, 2L, 2L, 
2L, 2L, 2L, 2L, 2L, 2L, 2L, 2L, 2L, 2L, 2L, 2L, 2L, 2L, 2L, 2L, 
2L, 2L, 2L, 2L, 2L, 2L, 2L, 2L, 2L, 2L, 2L, 2L, 2L, 2L, 2L, 2L, 
2L, 2L, 2L, 2L, 2L, 2L, 2L, 2L, 2L, 2L, 2L, 2L, 2L, 2L, 2L, 2L, 
2L, 2L, 2L, 2L, 2L, 2L, 2L, 2L, 2L, 2L, 2L, 2L, 2L, 2L, 2L, 2L, 
2L, 2L, 2L, 2L, 2L, 2L, 2L, 2L, 2L, 2L, 2L, 2L, 2L, 2L, 2L, 2L, 
2L, 2L, 2L, 2L, 2L, 2L, 2L, 2L, 2L, 2L, 2L, 2L, 2L, 2L, 2L, 2L, 
2L, 2L, 2L, 2L, 2L, 2L, 2L, 2L, 2L, 2L, 2L, 2L, 2L, 2L, 2L, 2L, 
2L, 2L, 2L, 2L, 2L, 2L, 2L, 2L, 2L, 2L, 2L, 2L, 2L, 2L, 2L, 2L, 
2L, 2L, 2L, 2L, 2L, 2L, 2L, 2L, 2L, 2L, 2L, 2L, 2L, 2L, 2L, 2L, 
2L, 2L, 2L, 2L, 2L, 2L, 2L, 2L, 2L, 2L, 2L, 2L, 2L, 2L, 2L, 2L, 
2L, 2L, 2L, 2L, 2L, 2L, 2L, 2L, 2L, 2L, 2L, 2L, 2L, 2L, 2L, 2L, 
2L, 2L, 2L, 2L, 2L, 2L, 2L, 2L, 2L, 2L, 2L, 2L, 2L, 2L, 2L, 2L, 
2L, 2L, 2L, 2L, 2L, 2L, 2L, 2L, 2L, 2L, 2L, 2L), .Label = c("F", 
"M"), class = "factor"), Days = c(74L, 74L, 75L, 75L, 75L, 75L, 
76L, 77L, 77L, 77L, 78L, 78L, 78L, 78L, 79L, 79L, 79L, 79L, 79L, 
79L, 79L, 80L, 80L, 80L, 80L, 80L, 81L, 81L, 82L, 82L, 82L, 82L, 
82L, 83L, 83L, 85L, 85L, 86L, 86L, 86L, 87L, 88L, 89L, 92L, 92L, 
93L, 93L, 96L, 97L, 98L, 98L, 98L, 101L, 101L, 101L, 108L, 109L, 
122L, 129L, 42L, 42L, 42L, 42L, 43L, 43L, 43L, 43L, 43L, 44L, 
44L, 44L, 44L, 46L, 46L, 47L, 48L, 51L, 43L, 43L, 44L, 44L, 44L, 
45L, 45L, 45L, 45L, 45L, 45L, 45L, 45L, 45L, 45L, 46L, 47L, 47L, 
48L, 51L, 53L, 29L, 29L, 29L, 29L, 31L, 32L, 35L, 28L, 29L, 29L, 
29L, 30L, 30L, 36L, 29L, 29L, 29L, 29L, 29L, 29L, 29L, 29L, 29L, 
29L, 30L, 30L, 30L, 31L, 31L, 23L, 24L, 24L, 24L, 24L, 24L, 24L, 
24L, 24L, 24L, 24L, 24L, 24L, 24L, 24L, 24L, 24L, 25L, 23L, 23L, 
23L, 23L, 23L, 24L, 24L, 24L, 24L, 25L, 23L, 23L, 23L, 21L, 21L, 
21L, 21L, 21L, 21L, 21L, 21L, 22L, 22L, 22L, 22L, 22L, 22L, 22L, 
22L, 22L, 22L, 23L, 23L, 24L, 19L, 20L, 20L, 20L, 20L, 21L, 20L, 
20L, 19L, 19L, 19L, 21L, 21L, 21L, 21L, 21L, 21L, 21L, 21L, 21L, 
21L, 22L, 23L, 24L, 19L, 21L, 21L, 25L, 25L, 26L, 26L, 26L, 26L, 
27L, 19L, 19L, 21L, 21L, 21L, 24L, 24L, 24L, 27L), Length = c(1.25, 
1.25, 1.3, 1.15, 1.25, 1.4, 1.25, 1.25, 1.25, 1, 1.25, 1.05, 
1, 1.25, 1.2, 1, 1.1, 1.05, 0.9, 1.3, 0.95, 1.1, 1.35, 0.95, 
1, 1.15, 1.25, 1.1, 1.1, 1.35, 1.25, 1.25, 1.35, 1.3, 1.5, 1.15, 
1.15, 0.9, 1.35, 0.95, 1.25, 1.35, 1.5, 1.2, 1.05, 0.9, 1.55, 
0.95, 1.25, 1.35, 1.35, 1.35, 1, 1.35, 1.45, 1.4, 1.25, 0.75, 
1.25, 1.35, 1.3, 1.2, 1.25, 1.35, 1.35, 1.1, 1.45, 1.25, 1.15, 
1.05, 1.6, 1.4, 1.35, 1.4, 1.5, 1.75, 1.6, 1.45, 1.4, 1.4, 1.35, 
1.35, 1.4, 1.45, 1.3, 1.5, 1.5, 1.55, 1.55, 1.35, 1.2, 1.3, 1.45, 
1.5, 1.5, 1.6, 1.5, 1.65, 1.5, 1.4, 1.5, 1.5, 1.3, 1.6, 1.25, 
1.35, 1.25, 1.3, 1.3, 1.15, 1.3, 1.05, 1.2, 1.1, 1.1, 1.2, 1.15, 
1.2, 1.15, 1.4, 1.2, 1.15, 1.35, 1.25, 1.2, 1.35, 1.05, 1.25, 
1.45, 1.3, 1.5, 1.5, 1.55, 1.5, 1.4, 1.5, 1.55, 1.15, 1.25, 1.25, 
1.45, 1.55, 1.45, 1.55, 1.4, 1.25, 1.25, 1.1, 1.1, 1, 1.25, 1.1, 
1, 1.05, 1.2, 1.2, 1.2, 1.05, 1.35, 1.4, 1.35, 1.3, 1.45, 1.35, 
1.5, 1.45, 1.4, 1.35, 1.45, 1.4, 1.5, 1.45, 1.25, 1.3, 1.25, 
1.25, 1.45, 1.5, 1.15, 1.5, 1.25, 1.55, 1.25, 1.35, 1.35, 1.3, 
1.25, 1.2, 1.3, 1.25, 1.15, 1.25, 1.2, 1.5, 1.65, 1.6, 1.25, 
1.3, 1.25, 1.2, 0.95, 0.85, 0.8, 1.25, 1.25, 1.3, 1.4, 1.15, 
1.35, 1.35, 1.2, 1.45, 1.25, 1.25, 1.2, 1.15, 1.05, 1, 1.15, 
1.2, 1, 1.15), T = c(10.44, 10.44, 10.44, 10.44, 10.44, 10.44, 
10.44, 10.44, 10.44, 10.44, 10.44, 10.44, 10.44, 10.44, 10.44, 
10.44, 10.44, 10.44, 10.44, 10.44, 10.44, 10.44, 10.44, 10.44, 
10.44, 10.44, 10.44, 10.44, 10.44, 10.44, 10.44, 10.44, 10.44, 
10.44, 10.44, 10.44, 10.44, 10.44, 10.44, 10.44, 10.44, 10.44, 
10.44, 10.44, 10.44, 10.44, 10.44, 10.44, 10.44, 10.44, 10.44, 
10.44, 10.44, 10.44, 10.44, 10.44, 10.44, 10.44, 10.44, 14.66, 
14.66, 14.66, 14.66, 14.66, 14.66, 14.66, 14.66, 14.66, 14.66, 
14.66, 14.66, 14.66, 14.66, 14.66, 14.66, 14.66, 14.66, 14.66, 
14.66, 14.66, 14.66, 14.66, 14.66, 14.66, 14.66, 14.66, 14.66, 
14.66, 14.66, 14.66, 14.66, 14.66, 14.66, 14.66, 14.66, 14.66, 
14.66, 14.66, 18.61, 18.61, 18.61, 18.61, 18.61, 18.61, 18.61, 
18.61, 18.61, 18.61, 18.61, 18.61, 18.61, 18.61, 18.61, 18.61, 
18.61, 18.61, 18.61, 18.61, 18.61, 18.61, 18.61, 18.61, 18.61, 
18.61, 18.61, 18.61, 18.61, 20.75, 20.75, 20.75, 20.75, 20.75, 
20.75, 20.75, 20.75, 20.75, 20.75, 20.75, 20.75, 20.75, 20.75, 
20.75, 20.75, 20.75, 20.75, 20.75, 20.75, 20.75, 20.75, 20.75, 
20.75, 20.75, 20.75, 20.75, 20.75, 20.75, 20.75, 20.75, 22.24, 
22.24, 22.24, 22.24, 22.24, 22.24, 22.24, 22.24, 22.24, 22.24, 
22.24, 22.24, 22.24, 22.24, 22.24, 22.24, 22.24, 22.24, 22.24, 
22.24, 22.24, 24.73, 24.73, 24.73, 24.73, 24.73, 24.73, 24.73, 
24.73, 24.73, 24.73, 24.73, 24.73, 24.73, 24.73, 24.73, 24.73, 
24.73, 24.73, 24.73, 24.73, 24.73, 24.73, 24.73, 24.73, 27.34, 
27.34, 27.34, 27.34, 27.34, 27.34, 27.34, 27.34, 27.34, 27.34, 
27.34, 27.34, 27.34, 27.34, 27.34, 30.37, 30.37, 30.37, 30.37
),