structure(list(T = c(14.66, 14.66, 14.66, 14.66, 14.66, 14.66, 
14.66, 14.66, 14.66, 14.66, 14.66, 14.66, 14.66, 14.66, 14.66, 
14.66, 14.66, 14.66, 14.66, 14.66, 14.66, 14.66, 14.66, 14.66, 
14.66, 14.66, 14.66, 14.66, 14.66, 14.66, 14.66, 14.66, 14.66, 
14.66, 14.66, 14.66, 14.66, 14.66, 14.66, 18.61, 18.61, 18.61, 
18.61, 18.61, 18.61, 18.61, 18.61, 18.61, 18.61, 18.61, 18.61, 
18.61, 18.61, 18.61, 18.61, 18.61, 18.61, 18.61, 18.61, 18.61, 
18.61, 18.61, 18.61, 18.61, 18.61, 18.61, 18.61, 18.61, 20.75, 
20.75, 20.75, 20.75, 20.75, 20.75, 20.75, 20.75, 20.75, 20.75, 
20.75, 20.75, 20.75, 20.75, 20.75, 20.75, 20.75, 20.75, 20.75, 
20.75, 20.75, 20.75, 20.75, 20.75, 20.75, 20.75, 20.75, 20.75, 
20.75, 20.75, 20.75, 22.24, 22.24, 22.24, 22.24, 22.24, 22.24, 
22.24, 22.24, 22.24, 22.24, 22.24, 22.24, 22.24, 22.24, 22.24, 
22.24, 22.24, 22.24, 22.24, 22.24, 22.24, 24.73, 24.73, 24.73, 
24.73, 24.73, 24.73, 24.73, 24.73, 24.73, 24.73, 24.73, 24.73, 
24.73, 24.73, 24.73, 24.73, 24.73, 24.73, 24.73, 24.73, 24.73, 
24.73, 24.73, 24.73, 27.34, 27.34, 27.34, 27.34, 27.34, 27.34, 
27.34, 27.34, 27.34, 27.34, 27.34, 27.34, 27.34, 27.34, 27.34
), Dev = c(0.0238095238095238, 0.0238095238095238, 0.0238095238095238, 
0.0238095238095238, 0.0232558139534884, 0.0232558139534884, 0.0232558139534884, 
0.0232558139534884, 0.0232558139534884, 0.0227272727272727, 0.0227272727272727, 
0.0227272727272727, 0.0227272727272727, 0.0217391304347826, 0.0217391304347826, 
0.0212765957446809, 0.0208333333333333, 0.0196078431372549, 0.0232558139534884, 
0.0232558139534884, 0.0227272727272727, 0.0227272727272727, 0.0227272727272727, 
0.0222222222222222, 0.0222222222222222, 0.0222222222222222, 0.0222222222222222, 
0.0222222222222222, 0.0222222222222222, 0.0222222222222222, 0.0222222222222222, 
0.0222222222222222, 0.0222222222222222, 0.0217391304347826, 0.0212765957446809, 
0.0212765957446809, 0.0208333333333333, 0.0196078431372549, 0.0188679245283019, 
0.0344827586206897, 0.0344827586206897, 0.0344827586206897, 0.0344827586206897, 
0.032258064516129, 0.03125, 0.0285714285714286, 0.0357142857142857, 
0.0344827586206897, 0.0344827586206897, 0.0344827586206897, 0.0333333333333333, 
0.0333333333333333, 0.0277777777777778, 0.0344827586206897, 0.0344827586206897, 
0.0344827586206897, 0.0344827586206897, 0.0344827586206897, 0.0344827586206897, 
0.0344827586206897, 0.0344827586206897, 0.0344827586206897, 0.0344827586206897, 
0.0333333333333333, 0.0333333333333333, 0.0333333333333333, 0.032258064516129, 
0.032258064516129, 0.0434782608695652, 0.0416666666666667, 0.0416666666666667, 
0.0416666666666667, 0.0416666666666667, 0.0416666666666667, 0.0416666666666667, 
0.0416666666666667, 0.0416666666666667, 0.0416666666666667, 0.0416666666666667, 
0.0416666666666667, 0.0416666666666667, 0.0416666666666667, 0.0416666666666667, 
0.0416666666666667, 0.0416666666666667, 0.04, 0.0434782608695652, 
0.0434782608695652, 0.0434782608695652, 0.0434782608695652, 0.0434782608695652, 
0.0416666666666667, 0.0416666666666667, 0.0416666666666667, 0.0416666666666667, 
0.04, 0.0434782608695652, 0.0434782608695652, 0.0434782608695652, 
0.0476190476190476, 0.0476190476190476, 0.0476190476190476, 0.0476190476190476, 
0.0476190476190476, 0.0476190476190476, 0.0476190476190476, 0.0476190476190476, 
0.0454545454545455, 0.0454545454545455, 0.0454545454545455, 0.0454545454545455, 
0.0454545454545455, 0.0454545454545455, 0.0454545454545455, 0.0454545454545455, 
0.0454545454545455, 0.0454545454545455, 0.0434782608695652, 0.0434782608695652, 
0.0416666666666667, 0.0526315789473684, 0.05, 0.05, 0.05, 0.05, 
0.0476190476190476, 0.05, 0.05, 0.0526315789473684, 0.0526315789473684, 
0.0526315789473684, 0.0476190476190476, 0.0476190476190476, 0.0476190476190476, 
0.0476190476190476, 0.0476190476190476, 0.0476190476190476, 0.0476190476190476, 
0.0476190476190476, 0.0476190476190476, 0.0476190476190476, 0.0454545454545455, 
0.0434782608695652, 0.0416666666666667, 0.0526315789473684, 0.0476190476190476, 
0.0476190476190476, 0.04, 0.04, 0.0384615384615385, 0.0384615384615385, 
0.0384615384615385, 0.0384615384615385, 0.037037037037037, 0.0526315789473684, 
0.0526315789473684, 0.0476190476190476, 0.0476190476190476, 0.0476190476190476
)), .Names = c("T", "Dev"), class = "data.frame", row.names = c(1L, 
2L, 3L, 4L, 5L, 6L, 7L, 8L, 9L, 10L, 11L, 12L, 13L, 14L, 15L, 
16L, 17L, 18L, 19L, 20L, 21L, 22L, 23L, 24L, 25L, 26L, 27L, 28L, 
29L, 30L, 31L, 32L, 33L, 34L, 35L, 36L, 37L, 38L, 39L, 83L, 84L, 
85L, 86L, 87L, 88L, 89L, 90L, 91L, 92L, 93L, 94L, 95L, 96L, 97L, 
98L, 99L, 100L, 101L, 102L, 103L, 104L, 105L, 106L, 107L, 108L, 
109L, 110L, 111L, 129L, 130L, 131L, 132L, 133L, 134L, 135L, 136L, 
137L, 138L, 139L, 140L, 141L, 142L, 143L, 144L, 145L, 146L, 147L, 
148L, 149L, 150L, 151L, 152L, 153L, 154L, 155L, 156L, 157L, 158L, 
159L, 183L, 184L, 185L, 186L, 187L, 188L, 189L, 190L, 191L, 192L, 
193L, 194L, 195L, 196L, 197L, 198L, 199L, 200L, 201L, 202L, 203L, 
230L, 231L, 232L, 233L, 234L, 235L, 236L, 237L, 238L, 239L, 240L, 
241L, 242L, 243L, 244L, 245L, 246L, 247L, 248L, 249L, 250L, 251L, 
252L, 253L, 276L, 277L, 278L, 279L, 280L, 281L, 282L, 283L, 284L, 
285L, 286L, 287L, 288L, 289L, 290L))
